m0 done
mlambda done
mchi done
m1 done
dw0: 0.016745579186857058
dw1: 0.02706542569107139

dwlambda: 0.022720558189598034
dwchi: 0.020430256127836888

lambda0 = 0.15971439969654022, lambda1 = 0.2722435727399064
lambda_share: 0.578979445120716
chi_residual: 0.42102055487928397

chi0 = 0.14369609644244344, chi1 = 0.2065925884241569
chi_share: 0.3570476498342405
lambda_residual: 0.6429523501657596
