m0 done
mlambda done
mchi done
m1 done
dw0: 0.021158669831225007
dw1: 0.016484502794454983

dwlambda: 0.01968222822834191
dwchi: 0.018181902261260527

lambda0 = 0.2, lambda1 = 0.15936780329898584
lambda_share: 0.3158726659249553
chi_residual: 0.6841273340750447

chi0 = 0.2, chi1 = 0.12646051814124454
chi_share: 0.6368551972035442
lambda_residual: 0.3631448027964557
