m0 done
mlambda done
mchi done
m1 done
dw0: 0.018703336218479416
dw1: 0.02842446157065702

dwlambda: 0.02497008413473442
dwchi: 0.021473161890909392

lambda0 = 0.17149330479376768, lambda1 = 0.30898633462662706
lambda_share: 0.6446525159611493
chi_residual: 0.35534748403885075

chi0 = 0.11804789222330542, chi1 = 0.1532738299663465
chi_share: 0.28492850077378284
lambda_residual: 0.7150714992262172
