m0 done
mlambda done
mchi done
m1 done
dw0: 0.027132078393627287
dw1: 0.021548543926225988

dwlambda: 0.029295231680833565
dwchi: 0.021137073546287077

lambda0 = 0.27605401776707594, lambda1 = 0.3276408737041254
lambda_share: -0.3874164832035248
chi_residual: 1.3874164832035247

chi0 = 0.1759999767764584, chi1 = 0.07068357832444822
chi_share: 1.0736935327150257
lambda_residual: -0.07369353271502561
