m0 done
mlambda done
mchi done
m1 done
dw0: 0.03022970446471194
dw1: 0.015094888927481846

dwlambda: 0.019465232356876732
dwchi: 0.022319456097946458

lambda0 = 0.2947582241345022, lambda1 = 0.1444587240383419
lambda_share: 0.7112390687125132
chi_residual: 0.2887609312874868

chi0 = 0.19468813192157844, chi1 = 0.10506170367881215
chi_share: 0.5226524464277137
lambda_residual: 0.47734755357228625
