m0 done
mlambda done
mchi done
m1 done
dw0: 0.024499678906257996
dw1: 0.012953465027957484

dwlambda: 0.014829119660668503
dwchi: 0.021461838965840162

lambda0 = 0.21590429884410825, lambda1 = 0.09915700631425117
lambda_share: 0.8375524087392796
chi_residual: 0.16244759126072034

chi0 = 0.15351266520363943, chi1 = 0.11885762332108221
chi_share: 0.2631026908419762
lambda_residual: 0.7368973091580238
