m0 done
mlambda done
mchi done
m1 done
dw0: 0.030417052890020575
dw1: 0.010217165010941432

dwlambda: 0.010845365454236167
dwchi: 0.02345537199675124

lambda0 = 0.32465619767805465, lambda1 = 0.061974416413727425
lambda_share: 0.9689007955363278
chi_residual: 0.031099204463672144

chi0 = 0.20714956106141558, chi1 = 0.07612708789199148
chi_share: 0.34463958091962926
lambda_residual: 0.6553604190803707
