m0 done
mlambda done
mchi done
m1 done
dw0: 0.021432779802765707
dw1: 0.017122710826888238

dwlambda: 0.018936477711922754
dwchi: 0.022180719020458917

lambda0 = 0.2378349485666441, lambda1 = 0.15570290077890445
lambda_share: 0.5791791511491394
chi_residual: 0.4208208488508605

chi0 = 0.14005396176228482, chi1 = 0.09906771811029481
chi_share: -0.17353300419999435
lambda_residual: 1.1735330041999943
