m0 done
mlambda done
mchi done
m1 done
dw0: 0.01898305879604807
dw1: 0.01544238909848441

dwlambda: 0.017393464804400287
dwchi: 0.0198171744442564

lambda0 = 0.177215884824327, lambda1 = 0.1354284905923421
lambda_share: 0.4489529177888535
chi_residual: 0.5510470822111465

chi0 = 0.12001001097492335, chi1 = 0.10113736429522116
chi_share: -0.23558132202568552
lambda_residual: 1.2355813220256855
