m0 done
mlambda done
mchi done
m1 done
dw0: 0.02033943403363542
dw1: 0.022422020149504524

dwlambda: 0.022064570655747188
dwchi: 0.019744388158429833

lambda0 = 0.16544108580140485, lambda1 = 0.22082649956850053
lambda_share: 0.8283626828040358
chi_residual: 0.1716373171959642

chi0 = 0.12911298078360017, chi1 = 0.14200485169777777
chi_share: -0.2857244992998829
lambda_residual: 1.2857244992998829
