m0 done
mlambda done
mchi done
m1 done
dw0: 0.020418614962466747
dw1: 0.007861019739531712

dwlambda: 0.010431023767657808
dwchi: 0.01664203489296585

lambda0 = 0.18649723297971812, lambda1 = 0.060939273031722425
lambda_share: 0.7953426605571525
chi_residual: 0.20465733944284753

chi0 = 0.12103973303055228, chi1 = 0.04122151177504967
chi_share: 0.30074070731340324
lambda_residual: 0.6992592926865967
