m0 done
mlambda done
mchi done
m1 done
dw0: 0.03060029274931026
dw1: 0.012911725639797929

dwlambda: 0.015996636307566623
dwchi: 0.026721024561157724

lambda0 = 0.3409545300467236, lambda1 = 0.10258079393032182
lambda_share: 0.8255986113137603
chi_residual: 0.1744013886862396

chi0 = 0.19941276681834255, chi1 = 0.08498844347502056
chi_share: 0.21930935186188108
lambda_residual: 0.780690648138119
