m0 done
mlambda done
mchi done
m1 done
dw0: 0.022737387790981913
dw1: 0.014079381232265684

dwlambda: 0.01672603140184349
dwchi: 0.019964264607983607

lambda0 = 0.18469945102415733, lambda1 = 0.11176283328510389
lambda_share: 0.6943118312940801
chi_residual: 0.30568816870591986

chi0 = 0.18604375985250518, chi1 = 0.13473263823467752
chi_share: 0.320295805297876
lambda_residual: 0.6797041947021241
