m0 done
mlambda done
mchi done
m1 done
dw0: 0.027103354108057316
dw1: 0.02338020073180386

dwlambda: 0.025592665189301686
dwchi: 0.025808176179307016

lambda0 = 0.2708710246238386, lambda1 = 0.21987809588162538
lambda_share: 0.40575522039755724
chi_residual: 0.5942447796024427

chi0 = 0.17685969571889554, chi1 = 0.13157103964164432
chi_share: 0.3478712257762573
lambda_residual: 0.6521287742237427
