Starting calibrations for row 241
anzsic: 2421
period: 1
e_to_u: 0.15
switch_dearn_cdf: missing
lp_pareto: 2.1
lp_drift: 0.16599976286596183
lambda: 0.2000012111063606, err: missing
