m0 done
mlambda done
mchi done
m1 done
dw0: 0.016764869305684882
dw1: 0.019157974473851796

dwlambda: 0.019240510940989046
dwchi: 0.0174576416238517

lambda0 = 0.1333712312217129, lambda1 = 0.1632476200396133
lambda_share: 1.03448927704271
chi_residual: -0.03448927704271014

chi0 = 0.11411711203689039, chi1 = 0.13060841530654288
chi_share: 0.2894867836909446
lambda_residual: 0.7105132163090554
