m0 done
mlambda done
mchi done
m1 done
dw0: 0.020381123546134545
dw1: 0.02121183153653404

dwlambda: 0.021163671386061785
dwchi: 0.01865155752962987

lambda0 = 0.1701469796768866, lambda1 = 0.19727865296349845
lambda_share: 0.9420251748763196
chi_residual: 0.05797482512368036

chi0 = 0.1429966697692871, chi1 = 0.12462283788102396
chi_share: -2.082038497875662
lambda_residual: 3.082038497875662
