m0 done
mlambda done
mchi done
m1 done
dw0: 0.031366882544836765
dw1: 0.03710441015620168

dwlambda: 0.03861656891720806
dwchi: 0.030497259054287906

lambda0 = 0.35267855858148794, lambda1 = 0.4319432437257292
lambda_share: 1.2635558141822434
chi_residual: -0.2635558141822434

chi0 = 0.18303458275648513, chi1 = 0.20092701245021152
chi_share: -0.1515676349559181
lambda_residual: 1.151567634955918
