m0 done
mlambda done
mchi done
m1 done
dw0: 0.011938588137422785
dw1: 0.018767283867544875

dwlambda: 0.015768365481064923
dwchi: 0.012194322713607202

lambda0 = 0.0867798474951854, lambda1 = 0.16326845619639976
lambda_share: 0.5608358455259019
chi_residual: 0.4391641544740981

chi0 = 0.07783662972330047, chi1 = 0.1207372418471745
chi_share: 0.037449988444549484
lambda_residual: 0.9625500115554505
