m0 done
mlambda done
mchi done
m1 done
dw0: 0.02364641268653471
dw1: 0.018853736966658267

dwlambda: 0.020728279143259636
dwchi: 0.022163031456866242

lambda0 = 0.23359044805521864, lambda1 = 0.16911282948251347
lambda_share: 0.6088735632942646
chi_residual: 0.3911264367057355

chi0 = 0.16064332919334298, chi1 = 0.11688341514779887
chi_share: 0.3095100349720113
lambda_residual: 0.6904899650279888
