m0 done
mlambda done
mchi done
m1 done
dw0: 0.02015560194112895
dw1: 0.015227093332475364

dwlambda: 0.01861612362666609
dwchi: 0.018004621149553146

lambda0 = 0.17902953072179792, lambda1 = 0.14448838810654624
lambda_share: 0.31236190026325844
chi_residual: 0.6876380997367416

chi0 = 0.13855530539555336, chi1 = 0.09242167666573979
chi_share: 0.4364364480969079
lambda_residual: 0.5635635519030922
