m0 done
mlambda done
mchi done
m1 done
dw0: 0.023084527837897786
dw1: 0.0279658054877986

dwlambda: 0.026899766591455498
dwchi: 0.025470517223146336

lambda0 = 0.23759642855264687, lambda1 = 0.2977569049585697
lambda_share: 0.7816065848324026
chi_residual: 0.21839341516759733

chi0 = 0.14124518329814328, chi1 = 0.17164813944723753
chi_share: 0.48880427551525013
lambda_residual: 0.5111957244847499
