m0 done
mlambda done
mchi done
m1 done
dw0: 0.026142232117825865
dw1: 0.019307511827295065

dwlambda: 0.020451888374320364
dwchi: 0.025969357540292504

lambda0 = 0.26959591715312003, lambda1 = 0.1640117686460591
lambda_share: 0.8325642457364668
chi_residual: 0.1674357542635332

chi0 = 0.15827714608418436, chi1 = 0.1148735845153864
chi_share: 0.025293584841046293
lambda_residual: 0.9747064151589537
