m0 done
mlambda done
mchi done
m1 done
dw0: 0.01049743416877182
dw1: 0.010464352164986113

dwlambda: 0.011217222849796848
dwchi: 0.008706975708737389

lambda0 = 0.055252220820365926, lambda1 = 0.06409021098177306
lambda_share: -21.757711101406297
chi_residual: 22.757711101406297

chi0 = 0.1553492167138106, chi1 = 0.07859809209430028
chi_share: 54.12182622408223
lambda_residual: -53.12182622408223
