m0 done
mlambda done
mchi done
m1 done
dw0: 0.02481129423031391
dw1: 0.014460123410305557

dwlambda: 0.01683508186169781
dwchi: 0.02162447039032776

lambda0 = 0.23814021578183128, lambda1 = 0.12633549142965697
lambda_share: 0.7705613700431296
chi_residual: 0.2294386299568704

chi0 = 0.1645503524906379, chi1 = 0.09697774212534835
chi_share: 0.3078708578382421
lambda_residual: 0.6921291421617579
