Starting calibrations for row 190
anzsic: 2210
period: 0
e_to_u: 0.15
switch_dearn_cdf: missing
lp_pareto: 2.1
lp_drift: 0.029169009282038763
lambda: 0.2000012111063606, err: missing
