m0 done
mlambda done
mchi done
m1 done
dw0: 0.013669569265524664
dw1: 0.019169428495765934

dwlambda: 0.017622445935001115
dwchi: 0.013036026098982294

lambda0 = 0.09490934027550575, lambda1 = 0.16967327950260427
lambda_share: 0.718723244358937
chi_residual: 0.2812767556410631

chi0 = 0.08288074493408203, chi1 = 0.11591275533040363
chi_share: -0.11519261494163333
lambda_residual: 1.1151926149416334
