m0 done
mlambda done
mchi done
m1 done
dw0: 0.028290050591672538
dw1: 0.011986028934225257

dwlambda: 0.012730830144434156
dwchi: 0.021692226780980487

lambda0 = 0.2595035910304424, lambda1 = 0.08020114497313158
lambda_share: 0.9543179452372299
chi_residual: 0.04568205476277024

chi0 = 0.17837493960596934, chi1 = 0.09292954367560309
chi_share: 0.4046746225756101
lambda_residual: 0.59532537742439
