m0 done
mlambda done
mchi done
m1 done
dw0: 0.01823046536636357
dw1: 0.016271969155495076

dwlambda: 0.017868406436898958
dwchi: 0.01842396993899686

lambda0 = 0.16397507680857648, lambda1 = 0.15060695308011615
lambda_share: 0.18486577990572503
chi_residual: 0.8151342200942749

chi0 = 0.12517878588508158, chi1 = 0.11302370897798321
chi_share: -0.09880262803647838
lambda_residual: 1.0988026280364784
