m0 done
mlambda done
mchi done
m1 done
dw0: 0.026463389021870856
dw1: 0.013445189386869292

dwlambda: 0.017227226015234152
dwchi: 0.022757343165058577

lambda0 = 0.2974132367689914, lambda1 = 0.11672449723355713
lambda_share: 0.7094808241996662
chi_residual: 0.2905191758003338

chi0 = 0.16650490196476483, chi1 = 0.09233427528477824
chi_share: 0.28468190385158687
lambda_residual: 0.7153180961484131
