m0 done
mlambda done
mchi done
m1 done
dw0: 0.036713980070703776
dw1: 0.020160176021350965

dwlambda: 0.02053056065423855
dwchi: 0.031787831234923354

lambda0 = 0.4296841672159233, lambda1 = 0.16520714213285267
lambda_share: 0.9776254067171911
chi_residual: 0.02237459328280889

chi0 = 0.17055778692264367, chi1 = 0.13162182088483843
chi_share: 0.29758409735271785
lambda_residual: 0.7024159026472822
