m0 done
mlambda done
mchi done
m1 done
dw0: 0.00845526522295936
dw1: 0.0168846520962143

dwlambda: 0.012896585644155476
dwchi: 0.010838413522643501

lambda0 = 0.0656283117073733, lambda1 = 0.1419205860110165
lambda_share: 0.5268853462269831
chi_residual: 0.47311465377301687

chi0 = 0.04694953877875145, chi1 = 0.10918720047195236
chi_share: 0.28271905602594655
lambda_residual: 0.7172809439740535
