Starting calibrations for row 225
anzsic: 2391
period: 1
e_to_u: 0.15
switch_dearn_cdf: -0.0401249812871573
lp_pareto: 2.1
lp_drift: 0.10689043998718262
lambda: 0.2000012111063606, err: 0.019693980380705058
