m0 done
mlambda done
mchi done
m1 done
dw0: 0.018185670156493798
dw1: 0.014949479801722987

dwlambda: 0.015324053569582987
dwchi: 0.016496642083774292

lambda0 = 0.14827306734308657, lambda1 = 0.11540222185898628
lambda_share: 0.8842547171838017
chi_residual: 0.11574528281619835

chi0 = 0.12263031005859375, chi1 = 0.09920463872992474
chi_share: 0.5219186412287308
lambda_residual: 0.4780813587712692
