Starting calibrations for row 20
anzsic: 1161
period: 0
e_to_u: 0.15
switch_dearn_cdf: missing
lp_pareto: 2.1
lp_drift: 0.19133385368015454
lambda: 0.2000012111063606, err: missing
