m0 done
mlambda done
mchi done
m1 done
dw0: 0.03010459824599547
dw1: 0.019679927226808343

dwlambda: 0.023580476765924268
dwchi: 0.024698136783082893

lambda0 = 0.26119855910218154, lambda1 = 0.19220144082881196
lambda_share: 0.6258347594915208
chi_residual: 0.37416524050847927

chi0 = 0.22453138614312199, chi1 = 0.11627705237444709
chi_share: 0.5186217822089269
lambda_residual: 0.4813782177910732
