m0 done
mlambda done
mchi done
m1 done
dw0: 0.03506260829158053
dw1: 0.019747119704225626

dwlambda: 0.025608000400050252
dwchi: 0.027496368736896957

lambda0 = 0.39248488125308106, lambda1 = 0.22320092688670956
lambda_share: 0.6173232957998083
chi_residual: 0.38267670420019173

chi0 = 0.19854979855673655, chi1 = 0.1272981844450298
chi_share: 0.4940253464019798
lambda_residual: 0.5059746535980202
