m0 done
mlambda done
mchi done
m1 done
dw0: 0.018194638545837968
dw1: 0.02134449721969241

dwlambda: 0.020617971647203182
dwchi: 0.018844351518637496

lambda0 = 0.16134214996747087, lambda1 = 0.20108800029535698
lambda_share: 0.7693466127481243
chi_residual: 0.23065338725187565

chi0 = 0.12692876539664996, chi1 = 0.1282517519530074
chi_share: 0.20626734087865692
lambda_residual: 0.793732659121343
