m0 done
mlambda done
mchi done
m1 done
dw0: 0.01783532781371527
dw1: 0.028086440790785958

dwlambda: 0.03014792496159481
dwchi: 0.01755203692210964

lambda0 = 0.13922989958270693, lambda1 = 0.32297394305701377
lambda_share: 1.201098570996135
chi_residual: -0.20109857099613515

chi0 = 0.16373619503445094, chi1 = 0.14147591590881348
chi_share: -0.027635135056972474
lambda_residual: 1.0276351350569726
