Starting calibrations for row 28
anzsic: 1173
period: 0
e_to_u: 0.15
switch_dearn_cdf: missing
lp_pareto: 2.1
lp_drift: 0.1390341350010463
lambda: 0.2000012111063606, err: missing
