m0 done
mlambda done
mchi done
m1 done
dw0: 0.02086896817748563
dw1: 0.014639309929276428

dwlambda: 0.017041063158184915
dwchi: 0.017543578580932088

lambda0 = 0.1587804735189914, lambda1 = 0.11707509133844703
lambda_share: 0.614464689198817
chi_residual: 0.385535310801183

chi0 = 0.18544183383330456, chi1 = 0.09530252104352234
chi_share: 0.5337996827529775
lambda_residual: 0.4662003172470225
