m0 done
mlambda done
mchi done
m1 done
dw0: 0.022325140684470245
dw1: 0.011736942477963587

dwlambda: 0.012901160956049115
dwchi: 0.0209501248731893

lambda0 = 0.19999205519958904, lambda1 = 0.08244715518086172
lambda_share: 0.8900456474860763
chi_residual: 0.10995435251392369

chi0 = 0.13066587165066096, chi1 = 0.09982055021544634
chi_share: 0.12986305927253713
lambda_residual: 0.8701369407274628
