m0 done
mlambda done
mchi done
m1 done
dw0: 0.02840050139716296
dw1: 0.01895662172066619

dwlambda: 0.021022103367057926
dwchi: 0.02470107168744845

lambda0 = 0.26518086866446644, lambda1 = 0.1658626026772729
lambda_share: 0.7812888646249746
chi_residual: 0.2187111353750254

chi0 = 0.20597334523956837, chi1 = 0.11561322675918258
chi_share: 0.39172774711661956
lambda_residual: 0.6082722528833804
