m0 done
mlambda done
mchi done
m1 done
dw0: 0.028687253999607993
dw1: 0.01941238474001075

dwlambda: 0.02219076536688332
dwchi: 0.026257136884691654

lambda0 = 0.3329429983333984, lambda1 = 0.19603976697778033
lambda_share: 0.7004399146653609
chi_residual: 0.2995600853346391

chi0 = 0.15793886503765575, chi1 = 0.12290611928396851
chi_share: 0.26201092941571724
lambda_residual: 0.7379890705842828
