m0 done
mlambda done
mchi done
m1 done
dw0: 0.015642009092624462
dw1: 0.020474991686462492

dwlambda: 0.019116533096558946
dwchi: 0.016201568733618592

lambda0 = 0.11495840218282405, lambda1 = 0.1690717084249544
lambda_share: 0.7189192049572954
chi_residual: 0.28108079504270456

chi0 = 0.09963601160233546, chi1 = 0.1313484552313253
chi_share: 0.11577936194257338
lambda_residual: 0.8842206380574266
