m0 done
mlambda done
mchi done
m1 done
dw0: 0.018398560525665787
dw1: 0.021700490001798408

dwlambda: 0.02211403427578253
dwchi: 0.018203498165186186

lambda0 = 0.15512292545532072, lambda1 = 0.21151170875114356
lambda_share: 1.125243218237503
chi_residual: -0.125243218237503

chi0 = 0.11513942702677242, chi1 = 0.10962670017296161
chi_share: -0.05907526550447915
lambda_residual: 1.059075265504479
