m0 done
mlambda done
mchi done
m1 done
dw0: 0.010702197458744183
dw1: 0.014489970622175729

dwlambda: 0.013831830908856656
dwchi: 0.01039604879854869

lambda0 = 0.07153872407826278, lambda1 = 0.13073598600258204
lambda_share: 0.8262462705863757
chi_residual: 0.1737537294136243

chi0 = 0.06637410684065385, chi1 = 0.1032021010099952
chi_share: -0.08082550009888567
lambda_residual: 1.0808255000988858
