m0 done
mlambda done
mchi done
m1 done
dw0: 0.025603393905940432
dw1: 0.013496948199188468

dwlambda: 0.015345092564714483
dwchi: 0.019594075412784046

lambda0 = 0.21704993360392522, lambda1 = 0.10138443507389834
lambda_share: 0.8473421175551735
chi_residual: 0.15265788244482645

chi0 = 0.21664036115010576, chi1 = 0.09055221897282013
chi_share: 0.4963734723400189
lambda_residual: 0.5036265276599811
