m0 done
mlambda done
mchi done
m1 done
dw0: 0.013120605153750742
dw1: 0.024055289763075294

dwlambda: 0.023959084669321454
dwchi: 0.013575581948185044

lambda0 = 0.08956358843523984, lambda1 = 0.23763231117314426
lambda_share: 0.9912018410049247
chi_residual: 0.008798158995075278

chi0 = 0.10795694548508217, chi1 = 0.16279114894012905
chi_share: 0.04160858869640564
lambda_residual: 0.9583914113035944
