m0 done
mlambda done
mchi done
m1 done
dw0: 0.028076625443192282
dw1: 0.021277716809636013

dwlambda: 0.022286505671257707
dwchi: 0.027140831508800662

lambda0 = 0.3065234575285421, lambda1 = 0.18076617861422048
lambda_share: 0.8516248833463096
chi_residual: 0.14837511665369038

chi0 = 0.16416729304750083, chi1 = 0.1369912523489732
chi_share: 0.13763884541306737
lambda_residual: 0.8623611545869326
