m0 done
mlambda done
mchi done
m1 done
dw0: 0.013718047524076425
dw1: 0.016182803194331706

dwlambda: 0.016754779107695045
dwchi: 0.012959755050947612

lambda0 = 0.09369139890395908, lambda1 = 0.134712490645472
lambda_share: 1.232061911963914
chi_residual: -0.23206191196391396

chi0 = 0.1082932438169207, chi1 = 0.10082152318418694
chi_share: -0.30765421590460307
lambda_residual: 1.3076542159046032
