m0 done
mlambda done
mchi done
m1 done
dw0: 0.015404778851365947
dw1: 0.01247179229992499

dwlambda: 0.014780123105626973
dwchi: 0.014068313894899237

lambda0 = 0.13152978495308615, lambda1 = 0.10704345709345883
lambda_share: 0.21297600066801695
chi_residual: 0.7870239993319831

chi0 = 0.0993804485998421, chi1 = 0.06823625487665977
chi_share: 0.4556669227856206
lambda_residual: 0.5443330772143794
