m0 done
mlambda done
mchi done
m1 done
dw0: 0.044532511707619044
dw1: 0.02441746214321755

dwlambda: 0.026995988528153714
dwchi: 0.03889753980678378

lambda0 = 0.5622243425278737, lambda1 = 0.24431403293935475
lambda_share: 0.87181108469653
chi_residual: 0.12818891530346999

chi0 = 0.23309646386366625, chi1 = 0.15963887249130798
chi_share: 0.2801371124040244
lambda_residual: 0.7198628875959756
