m0 done
mlambda done
mchi done
m1 done
dw0: 0.022233368993100106
dw1: 0.025763446141393764

dwlambda: 0.02604247122673491
dwchi: 0.02199342941485015

lambda0 = 0.18933839886926876, lambda1 = 0.25495292044259205
lambda_share: 1.0790422060537739
chi_residual: -0.07904220605377395

chi0 = 0.14349442720413208, chi1 = 0.15054986035382306
chi_share: -0.06797006642360112
lambda_residual: 1.0679700664236011
