m0 done
mlambda done
mchi done
m1 done
dw0: 0.02096825300953771
dw1: 0.01940359014718922

dwlambda: 0.02044217881798621
dwchi: 0.020807888816857096

lambda0 = 0.19325121296720194, lambda1 = 0.17313651910649627
lambda_share: 0.3362220732726332
chi_residual: 0.6637779267273668

chi0 = 0.13769504793228643, chi1 = 0.13312448304274985
chi_share: 0.10249121171056279
lambda_residual: 0.8975087882894373
