Starting calibrations for row 69
anzsic: 1340
period: 1
e_to_u: 0.15
switch_dearn_cdf: missing
lp_pareto: 2.1
lp_drift: 0.07806756621912907
lambda: 0.2000012111063606, err: missing
