Starting calibrations for row 105
anzsic: 1612
period: 1
e_to_u: 0.15
switch_dearn_cdf: missing
lp_pareto: 2.1
lp_drift: 0.17644371398507736
lambda: 0.2000012111063606, err: missing
