Starting calibrations for row 90
anzsic: 1510
period: 0
e_to_u: 0.15
switch_dearn_cdf: missing
lp_pareto: 2.1
lp_drift: 0.13309268097379315
lambda: 0.2000012111063606, err: missing
