m0 done
mlambda done
mchi done
m1 done
dw0: 0.0065884828950483485
dw1: 0.015311446411769455

dwlambda: 0.011370551730549065
dwchi: 0.00790489244546335

lambda0 = 0.042372166261899345, lambda1 = 0.11268902193671432
lambda_share: 0.5482160766044633
chi_residual: 0.45178392339553664

chi0 = 0.04434629849025181, chi1 = 0.10905654475374044
chi_share: 0.15091310973519123
lambda_residual: 0.8490868902648087
