Starting calibrations for row 220
anzsic: 2313
period: 0
e_to_u: 0.15
switch_dearn_cdf: missing
lp_pareto: 2.1
lp_drift: 0.1730144733474368
lambda: 0.2000012111063606, err: missing
