Starting calibrations for row 187
anzsic: 2142
period: 1
e_to_u: 0.15
switch_dearn_cdf: missing
lp_pareto: 2.1
lp_drift: 0.11906108856201174
lambda: 0.2000012111063606, err: missing
