Starting calibrations for row 139
anzsic: 1911
period: 1
e_to_u: 0.15
switch_dearn_cdf: missing
lp_pareto: 2.1
lp_drift: 0.06715127473236414
lambda: 0.2000012111063606, err: missing
