Starting calibrations for row 23
anzsic: 1162
period: 1
e_to_u: 0.15
switch_dearn_cdf: missing
lp_pareto: 2.1
lp_drift: 0.08186101913452148
lambda: 0.2000012111063606, err: missing
