Starting calibrations for row 13
anzsic: 1132
period: 1
e_to_u: 0.15
switch_dearn_cdf: missing
lp_pareto: 2.1
lp_drift: 0.04376489975873161
lambda: 0.2000012111063606, err: missing
