m0 done
mlambda done
mchi done
m1 done
dw0: 0.019129254688813213
dw1: 0.022488696001037294

dwlambda: 0.019129254688813213
dwchi: 0.022488696001037294

lambda0 = 0.2, lambda1 = 0.2
lambda_share: 0.0
chi_residual: 1.0

chi0 = 0.14369609644244344, chi1 = 0.2065925884241569
chi_share: 1.0
lambda_residual: 0.0
