m0 done
mlambda done
mchi done
m1 done
dw0: 0.029923809017568536
dw1: 0.029374376557325728

dwlambda: 0.030910925148718526
dwchi: 0.030418985144150257

lambda0 = 0.34288292259397146, lambda1 = 0.3058978325915905
lambda_share: -1.7966105073474512
chi_residual: 2.7966105073474514

chi0 = 0.2, chi1 = 0.18818559729034373
chi_share: -0.9012502216612572
lambda_residual: 1.9012502216612572
