m0 done
mlambda done
mchi done
m1 done
dw0: 0.029923809017568536
dw1: 0.026892296382985056

dwlambda: 0.029049362874493317
dwchi: 0.03209023589423789

lambda0 = 0.34288292259397146, lambda1 = 0.26545740500557974
lambda_share: 0.28845208596511934
chi_residual: 0.7115479140348806

chi0 = 0.2, chi1 = 0.16786858170873672
chi_share: -0.7146356086248049
lambda_residual: 1.714635608624805
