m0 done
mlambda done
mchi done
m1 done
dw0: 0.029923809017568536
dw1: 0.03128889678408685

dwlambda: 0.030753645067120708
dwchi: 0.03246689411277585

lambda0 = 0.34288292259397146, lambda1 = 0.3625634501873394
lambda_share: 0.6078994112361641
chi_residual: 0.3921005887638359

chi0 = 0.2, chi1 = 0.20553877669983373
chi_share: 1.8629462204423013
lambda_residual: -0.8629462204423014
