m0 done
mlambda done
mchi done
m1 done
dw0: 0.029923809017568536
dw1: 0.026603730508019358

dwlambda: 0.027309753979065467
dwchi: 0.030898682679220295

lambda0 = 0.34288292259397146, lambda1 = 0.2512950507270984
lambda_share: 0.7873473566918823
chi_residual: 0.21265264330811773

chi0 = 0.2, chi1 = 0.15355615420432833
chi_share: -0.2936297014808043
lambda_residual: 1.2936297014808043
