m0 done
mlambda done
mchi done
m1 done
dw0: 0.029923809017568536
dw1: 0.04029814712686995

dwlambda: 0.04000936752930247
dwchi: 0.03339268206523808

lambda0 = 0.34288292259397146, lambda1 = 0.4861890591585915
lambda_share: 0.9721640460793763
chi_residual: 0.027835953920623692

chi0 = 0.2, chi1 = 0.24810984171800238
chi_share: 0.33437054114897446
lambda_residual: 0.6656294588510255
