m0 done
mlambda done
mchi done
m1 done
dw0: 0.029923809017568536
dw1: 0.030041008796030808

dwlambda: 0.03132639649613934
dwchi: 0.030057089393472593

lambda0 = 0.34288292259397146, lambda1 = 0.32609569751182266
lambda_share: 11.967492575272303
chi_residual: -10.967492575272303

chi0 = 0.2, chi1 = 0.19478492841365824
chi_share: 1.1372067221693742
lambda_residual: -0.13720672216937424
