m0 done
mlambda done
mchi done
m1 done
dw0: 0.029923809017568536
dw1: 0.03993841343388898

dwlambda: 0.039478940654489876
dwchi: 0.03351911097687826

lambda0 = 0.34288292259397146, lambda1 = 0.46662416211410085
lambda_share: 0.9541197275201089
chi_residual: 0.045880272479891154

chi0 = 0.2, chi1 = 0.24740443348517488
chi_share: 0.3590058887848416
lambda_residual: 0.6409941112151584
