m0 done
mlambda done
mchi done
m1 done
dw0: 0.029923809017568536
dw1: 0.031540101922650186

dwlambda: 0.03136609012537875
dwchi: 0.030056469964034327

lambda0 = 0.34288292259397146, lambda1 = 0.34054545283913745
lambda_share: 0.8923389462860709
chi_residual: 0.1076610537139291

chi0 = 0.2, chi1 = 0.19930498570998828
chi_share: 0.08207729307522342
lambda_residual: 0.9179227069247766
