m0 done
mlambda done
mchi done
m1 done
dw0: 0.029923809017568536
dw1: 0.04029882229663869

dwlambda: 0.039627636589286905
dwchi: 0.03360440353152862

lambda0 = 0.34288292259397146, lambda1 = 0.46359487901353114
lambda_share: 0.9353074845016546
chi_residual: 0.06469251549834547

chi0 = 0.2, chi1 = 0.23825277184044646
chi_share: 0.3547556436756628
lambda_residual: 0.6452443563243372
