m0 done
mlambda done
mchi done
m1 done
dw0: 0.029923809017568536
dw1: 0.02976008139944002

dwlambda: 0.03053217524048431
dwchi: 0.030482654963507837

lambda0 = 0.34288292259397146, lambda1 = 0.3066358939889845
lambda_share: -3.715721451699403
chi_residual: 4.7157214516994035

chi0 = 0.2, chi1 = 0.18829871830048261
chi_share: -3.413266205953365
lambda_residual: 4.413266205953365
