m0 done
mlambda done
mchi done
m1 done
dw0: 0.029923809017568536
dw1: 0.036401058857806055

dwlambda: 0.03331993947576014
dwchi: 0.03282731428898344

lambda0 = 0.34288292259397146, lambda1 = 0.3725813791211151
lambda_share: 0.5243167303960392
chi_residual: 0.4756832696039608

chi0 = 0.2, chi1 = 0.22294105696799332
chi_share: 0.44826204686099164
lambda_residual: 0.5517379531390083
