m0 done
mlambda done
mchi done
m1 done
dw0: 0.029923809017568536
dw1: 0.02654811273072589

dwlambda: 0.02905170352779425
dwchi: 0.031721100940060094

lambda0 = 0.34288292259397146, lambda1 = 0.26803019051822013
lambda_share: 0.25834832747645753
chi_residual: 0.7416516725235425

chi0 = 0.2, chi1 = 0.16068657012251986
chi_share: -0.5324210976848871
lambda_residual: 1.532421097684887
