m0 done
mlambda done
mchi done
m1 done
dw0: 0.029923809017568536
dw1: 0.029282163177827874

dwlambda: 0.030816748873472983
dwchi: 0.032725997394213675

lambda0 = 0.34288292259397146, lambda1 = 0.3120154023188189
lambda_share: -1.3916397498429223
chi_residual: 2.3916397498429225

chi0 = 0.2, chi1 = 0.17551360647356895
chi_share: -4.367188568973995
lambda_residual: 5.367188568973995
