m0 done
mlambda done
mchi done
m1 done
dw0: 0.029923809017568536
dw1: 0.03080023342003369

dwlambda: 0.030995315226724586
dwchi: 0.029670776482509008

lambda0 = 0.34288292259397146, lambda1 = 0.31867690137787
lambda_share: 1.2225882872980027
chi_residual: -0.22258828729800267

chi0 = 0.2, chi1 = 0.19268998615235156
chi_share: -0.28871005228495805
lambda_residual: 1.288710052284958
