m0 done
mlambda done
mchi done
m1 done
dw0: 0.029923809017568536
dw1: 0.031098502880494455

dwlambda: 0.030636298236471564
dwchi: 0.03226867158557267

lambda0 = 0.34288292259397146, lambda1 = 0.35172013762417287
lambda_share: 0.6065318304535657
chi_residual: 0.39346816954643427

chi0 = 0.2, chi1 = 0.2025791182030075
chi_share: 1.9961477981706393
lambda_residual: -0.9961477981706394
