m0 done
mlambda done
mchi done
m1 done
dw0: 0.029923809017568536
dw1: 0.038696076252809845

dwlambda: 0.03851399880520342
dwchi: 0.032825538176688554

lambda0 = 0.34288292259397146, lambda1 = 0.44119301217677587
lambda_share: 0.9792439693497985
chi_residual: 0.020756030650201485

chi0 = 0.2, chi1 = 0.24276003834207588
chi_share: 0.3307844005780789
lambda_residual: 0.6692155994219211
