m0 done
mlambda done
mchi done
m1 done
dw0: 0.029923809017568536
dw1: 0.04104301082269183

dwlambda: 0.04131967640354582
dwchi: 0.032447922463954205

lambda0 = 0.34288292259397146, lambda1 = 0.5153008791195748
lambda_share: 1.0248817842955702
chi_residual: -0.02488178429557017

chi0 = 0.2, chi1 = 0.24433454417117295
chi_share: 0.22700491371805634
lambda_residual: 0.7729950862819437
