m0 done
mlambda done
mchi done
m1 done
dw0: 0.029923809017568536
dw1: 0.029944880548152555

dwlambda: 0.030436153603617247
dwchi: 0.031082407360379635

lambda0 = 0.34288292259397146, lambda1 = 0.3062376836752531
lambda_share: 24.31454060756695
chi_residual: -23.31454060756695

chi0 = 0.2, chi1 = 0.18624429995662684
chi_share: 54.9840619404182
lambda_residual: -53.9840619404182
