m0 done
mlambda done
mchi done
m1 done
dw0: 0.029923809017568536
dw1: 0.031031019668874536

dwlambda: 0.03061310683017309
dwchi: 0.030814358350053493

lambda0 = 0.34288292259397146, lambda1 = 0.3068608271839902
lambda_share: 0.6225534515871035
chi_residual: 0.37744654841289643

chi0 = 0.2, chi1 = 0.1885087260200915
chi_share: 0.8043178878694116
lambda_residual: 0.1956821121305884
