m0 done
mlambda done
mchi done
m1 done
dw0: 0.029923809017568536
dw1: 0.03393768842024956

dwlambda: 0.032990969562028905
dwchi: 0.0317439775888138

lambda0 = 0.34288292259397146, lambda1 = 0.370101313949536
lambda_share: 0.7641386889729911
chi_residual: 0.23586131102700897

chi0 = 0.2, chi1 = 0.20929070262718874
chi_share: 0.45346867422810644
lambda_residual: 0.5465313257718936
