m0 done
mlambda done
mchi done
m1 done
dw0: 0.029923809017568536
dw1: 0.028449076354140033

dwlambda: 0.029971138084401917
dwchi: 0.0322880737108021

lambda0 = 0.34288292259397146, lambda1 = 0.29667761439799495
lambda_share: -0.03209331969588934
chi_residual: 1.0320933196958892

chi0 = 0.2, chi1 = 0.1715198614019774
chi_share: -1.60318188636105
lambda_residual: 2.60318188636105
