m0 done
mlambda done
mchi done
m1 done
dw0: 0.029923809017568536
dw1: 0.03013053228356182

dwlambda: 0.03144664540675307
dwchi: 0.02994404896755207

lambda0 = 0.34288292259397146, lambda1 = 0.338390213393459
lambda_share: 7.36654571447221
chi_residual: -6.36654571447221

chi0 = 0.2, chi1 = 0.19862720664042682
chi_share: 0.09790842789892835
lambda_residual: 0.9020915721010716
