m0 done
mlambda done
mchi done
m1 done
dw0: 0.029923809017568536
dw1: 0.03753035345871675

dwlambda: 0.039614813643187106
dwchi: 0.032338156363094644

lambda0 = 0.34288292259397146, lambda1 = 0.4638798721489691
lambda_share: 1.2740351023513785
chi_residual: -0.27403510235137846

chi0 = 0.2, chi1 = 0.23171499313531196
chi_share: 0.3174039623650265
lambda_residual: 0.6825960376349735
