m0 done
mlambda done
mchi done
m1 done
dw0: 0.029923809017568536
dw1: 0.027441631506542854

dwlambda: 0.029073245287417636
dwchi: 0.03203821055941655

lambda0 = 0.34288292259397146, lambda1 = 0.27349424758391117
lambda_share: 0.34266837338294603
chi_residual: 0.6573316266170539

chi0 = 0.2, chi1 = 0.17138811497315332
chi_share: -0.8518333328120058
lambda_residual: 1.8518333328120058
