m0 done
mlambda done
mchi done
m1 done
dw0: 0.029923809017568536
dw1: 0.03124648718530248

dwlambda: 0.030612123371098927
dwchi: 0.030729042680013086

lambda0 = 0.34288292259397146, lambda1 = 0.30741809302536893
lambda_share: 0.5203944317835332
chi_residual: 0.4796055682164668

chi0 = 0.2, chi1 = 0.18869549712399913
chi_share: 0.6087903180742006
lambda_residual: 0.3912096819257994
