m0 done
mlambda done
mchi done
m1 done
dw0: 0.029923809017568536
dw1: 0.0308999671754739

dwlambda: 0.031049052322351743
dwchi: 0.03225549933188739

lambda0 = 0.34288292259397146, lambda1 = 0.3642311576331329
lambda_share: 1.1527264262153478
chi_residual: -0.15272642621534785

chi0 = 0.2, chi1 = 0.2063063996789819
chi_share: 2.3886398893824627
lambda_residual: -1.3886398893824627
