m0 done
mlambda done
mchi done
m1 done
dw0: 0.029923809017568536
dw1: 0.02548606824668122

dwlambda: 0.02706399249931784
dwchi: 0.03031026302638471

lambda0 = 0.34288292259397146, lambda1 = 0.24522825795666928
lambda_share: 0.6444307285841945
chi_residual: 0.3555692714158056

chi0 = 0.2, chi1 = 0.15600681634941577
chi_share: -0.08708350234232008
lambda_residual: 1.08708350234232
