m0 done
mlambda done
mchi done
m1 done
dw0: 0.029923809017568536
dw1: 0.028858425045025785

dwlambda: 0.030044940482878965
dwchi: 0.03249071913480066

lambda0 = 0.34288292259397146, lambda1 = 0.2950233695121937
lambda_share: -0.11369747286635518
chi_residual: 1.1136974728663551

chi0 = 0.2, chi1 = 0.16991739070972467
chi_share: -2.40937557104945
lambda_residual: 3.40937557104945
