m0 done
mlambda done
mchi done
m1 done
dw0: 0.029923809017568536
dw1: 0.030613434895499468

dwlambda: 0.030330682209693902
dwchi: 0.030943511747442764

lambda0 = 0.34288292259397146, lambda1 = 0.29699835486756954
lambda_share: 0.589991189637631
chi_residual: 0.4100088103623691

chi0 = 0.2, chi1 = 0.18527927461914595
chi_share: 1.478631766159381
lambda_residual: -0.4786317661593811
