m0 done
mlambda done
mchi done
m1 done
dw0: 0.029923809017568536
dw1: 0.02571960988835263

dwlambda: 0.027147394005055565
dwchi: 0.03018179522323965

lambda0 = 0.34288292259397146, lambda1 = 0.2516887700989223
lambda_share: 0.6603909394345882
chi_residual: 0.33960906056541185

chi0 = 0.2, chi1 = 0.15935642797000166
chi_share: -0.0613639358512566
lambda_residual: 1.0613639358512565
