m0 done
mlambda done
mchi done
m1 done
dw0: 0.029923809017568536
dw1: 0.03652203664465294

dwlambda: 0.03749546009106468
dwchi: 0.03282940282471111

lambda0 = 0.34288292259397146, lambda1 = 0.42876209401519205
lambda_share: 1.147528018344809
chi_residual: -0.14752801834480916

chi0 = 0.2, chi1 = 0.22343720833469866
chi_share: 0.44035974073032796
lambda_residual: 0.5596402592696721
