m0 done
mlambda done
mchi done
m1 done
dw0: 0.029923809017568536
dw1: 0.03986839814051662

dwlambda: 0.03991208410872589
dwchi: 0.03304088307991984

lambda0 = 0.34288292259397146, lambda1 = 0.4749729104728719
lambda_share: 1.004392938478319
chi_residual: -0.004392938478319011

chi0 = 0.2, chi1 = 0.24696671291432942
chi_share: 0.313444228194241
lambda_residual: 0.686555771805759
