m0 done
mlambda done
mchi done
m1 done
dw0: 0.029923809017568536
dw1: 0.04160965390880962

dwlambda: 0.04098736420778573
dwchi: 0.03299314494705031

lambda0 = 0.34288292259397146, lambda1 = 0.5015592462601735
lambda_share: 0.946748420262679
chi_residual: 0.05325157973732099

chi0 = 0.2, chi1 = 0.24093159458381214
chi_share: 0.262654173322319
lambda_residual: 0.737345826677681
