m0 done
mlambda done
mchi done
m1 done
dw0: 0.029923809017568536
dw1: 0.027983649513783168

dwlambda: 0.02914773559448387
dwchi: 0.03335045443497986

lambda0 = 0.34288292259397146, lambda1 = 0.2733578926189203
lambda_share: 0.4000049591646979
chi_residual: 0.5999950408353021

chi0 = 0.2, chi1 = 0.16474378228124426
chi_share: -1.7661668593359112
lambda_residual: 2.7661668593359114
