m0 done
mlambda done
mchi done
m1 done
dw0: 0.029923809017568536
dw1: 0.026555221988569487

dwlambda: 0.02728822777064648
dwchi: 0.030591172887294595

lambda0 = 0.34288292259397146, lambda1 = 0.24815305231018644
lambda_share: 0.7823996305374366
chi_residual: 0.2176003694625634

chi0 = 0.2, chi1 = 0.15790573579427603
chi_share: -0.19811388691488296
lambda_residual: 1.198113886914883
