m0 done
mlambda done
mchi done
m1 done
dw0: 0.029923809017568536
dw1: 0.031892335581436844

dwlambda: 0.03124014153634058
dwchi: 0.030396772353728067

lambda0 = 0.34288292259397146, lambda1 = 0.3342997777156904
lambda_share: 0.6686892333245159
chi_residual: 0.33131076667548404

chi0 = 0.2, chi1 = 0.19736294780173175
chi_share: 0.2402626130836258
lambda_residual: 0.7597373869163743
