m0 done
mlambda done
mchi done
m1 done
dw0: 0.029923809017568536
dw1: 0.02936359490973704

dwlambda: 0.03089765121050122
dwchi: 0.03314633082557638

lambda0 = 0.34288292259397146, lambda1 = 0.3169530585925602
lambda_share: -1.7383392872812087
chi_residual: 2.738339287281209

chi0 = 0.2, chi1 = 0.17845338445686504
chi_share: -5.752303919088599
lambda_residual: 6.752303919088599
