m0 done
mlambda done
mchi done
m1 done
dw0: 0.029923809017568536
dw1: 0.039831103224081815

dwlambda: 0.039193140147489106
dwchi: 0.03332114387260974

lambda0 = 0.34288292259397146, lambda1 = 0.4513638612684121
lambda_share: 0.935606729416262
chi_residual: 0.06439327058373802

chi0 = 0.2, chi1 = 0.22884043654704905
chi_share: 0.3429124828863685
lambda_residual: 0.6570875171136314
