m0 done
mlambda done
mchi done
m1 done
dw0: 0.029923809017568536
dw1: 0.030128854292418707

dwlambda: 0.031024341780974775
dwchi: 0.03072433753246023

lambda0 = 0.34288292259397146, lambda1 = 0.310684136664732
lambda_share: 5.367267127761951
chi_residual: -4.367267127761951

chi0 = 0.2, chi1 = 0.187702302895691
chi_share: 3.904154901773025
lambda_residual: -2.904154901773025
