m0 done
mlambda done
mchi done
m1 done
dw0: 0.029923809017568536
dw1: 0.026608712544323208

dwlambda: 0.027261989180025367
dwchi: 0.030860413575696223

lambda0 = 0.34288292259397146, lambda1 = 0.25460651748668917
lambda_share: 0.8029388764476496
chi_residual: 0.19706112355235042

chi0 = 0.2, chi1 = 0.15733705298433284
chi_share: -0.2825270895392054
lambda_residual: 1.2825270895392054
