m0 done
mlambda done
mchi done
m1 done
dw0: 0.029923809017568536
dw1: 0.03061817590789205

dwlambda: 0.031524616488033744
dwchi: 0.030054701132359363

lambda0 = 0.34288292259397146, lambda1 = 0.3394476179870764
lambda_share: 2.3054202220376183
chi_residual: -1.3054202220376183

chi0 = 0.2, chi1 = 0.19899498458190762
chi_share: 0.18850569722562996
lambda_residual: 0.8114943027743701
