m0 done
mlambda done
mchi done
m1 done
dw0: 0.029923809017568536
dw1: 0.027932477683151657

dwlambda: 0.02937881664881189
dwchi: 0.03288438065861268

lambda0 = 0.34288292259397146, lambda1 = 0.2835367991420503
lambda_share: 0.27368241504432234
chi_residual: 0.7263175849556777

chi0 = 0.2, chi1 = 0.16421218134180537
chi_share: -1.486729802256183
lambda_residual: 2.4867298022561832
