m0 done
mlambda done
mchi done
m1 done
dw0: 0.029923809017568536
dw1: 0.038539952338369134

dwlambda: 0.038786651715025176
dwchi: 0.033128411360433666

lambda0 = 0.34288292259397146, lambda1 = 0.44636939820538835
lambda_share: 1.0286322276070403
chi_residual: -0.028632227607040293

chi0 = 0.2, chi1 = 0.24223762794216996
chi_share: 0.3719300182865764
lambda_residual: 0.6280699817134235
