m0 done
mlambda done
mchi done
m1 done
dw0: 0.029923809017568536
dw1: 0.027076093803933395

dwlambda: 0.027234589286139935
dwchi: 0.03218231019112485

lambda0 = 0.34288292259397146, lambda1 = 0.2499599626239543
lambda_share: 0.9443429309758054
chi_residual: 0.0556570690241946

chi0 = 0.2, chi1 = 0.16585600536672473
chi_share: -0.7930923579515213
lambda_residual: 1.7930923579515214
