m0 done
mlambda done
mchi done
m1 done
dw0: 0.029923809017568536
dw1: 0.026671782529394825

dwlambda: 0.02871738587685186
dwchi: 0.03187774536602217

lambda0 = 0.34288292259397146, lambda1 = 0.2568967965580639
lambda_share: 0.3709758038884194
chi_residual: 0.6290241961115806

chi0 = 0.2, chi1 = 0.16598423598532708
chi_share: -0.6008365416331325
lambda_residual: 1.6008365416331325
