m0 done
mlambda done
mchi done
m1 done
dw0: 0.029923809017568536
dw1: 0.035539832975606575

dwlambda: 0.03305435200339788
dwchi: 0.032824556832923964

lambda0 = 0.34288292259397146, lambda1 = 0.3720356695781567
lambda_share: 0.5574304898305673
chi_residual: 0.44256951016943274

chi0 = 0.2, chi1 = 0.2203660079695618
chi_share: 0.5165127209266404
lambda_residual: 0.4834872790733597
