m0 done
mlambda done
mchi done
m1 done
dw0: 0.029923809017568536
dw1: 0.031792832123117856

dwlambda: 0.031334873689442176
dwchi: 0.030088699275508

lambda0 = 0.34288292259397146, lambda1 = 0.340376760545588
lambda_share: 0.7549744396867247
chi_residual: 0.2450255603132753

chi0 = 0.2, chi1 = 0.19923809207992793
chi_share: 0.08822269636468716
lambda_residual: 0.9117773036353128
