m0 done
mlambda done
mchi done
m1 done
dw0: 0.029923809017568536
dw1: 0.025807543023553318

dwlambda: 0.02710061983927331
dwchi: 0.03001808033351631

lambda0 = 0.34288292259397146, lambda1 = 0.2540574510216244
lambda_share: 0.6858616965958854
chi_residual: 0.31413830340411464

chi0 = 0.2, chi1 = 0.15925806381036262
chi_share: -0.02290214385679622
lambda_residual: 1.0229021438567962
