m0 done
mlambda done
mchi done
m1 done
dw0: 0.029923809017568536
dw1: 0.029306336856079616

dwlambda: 0.030060184963855208
dwchi: 0.030454652725383075

lambda0 = 0.34288292259397146, lambda1 = 0.29877858240507804
lambda_share: -0.2208616918985079
chi_residual: 1.2208616918985078

chi0 = 0.2, chi1 = 0.18569888023815007
chi_share: -0.8597046813163325
lambda_residual: 1.8597046813163325
