m0 done
mlambda done
mchi done
m1 done
dw0: 0.029923809017568536
dw1: 0.039054349600280605

dwlambda: 0.038692787373702645
dwchi: 0.033069684480961016

lambda0 = 0.34288292259397146, lambda1 = 0.44081750318248053
lambda_share: 0.9604007864263208
chi_residual: 0.0395992135736792

chi0 = 0.2, chi1 = 0.22635426074436038
chi_share: 0.34454427258654735
lambda_residual: 0.6554557274134527
