m0 done
mlambda done
mchi done
m1 done
dw0: 0.029923809017568536
dw1: 0.03525160021195205

dwlambda: 0.033154272262561804
dwchi: 0.03238865846870625

lambda0 = 0.34288292259397146, lambda1 = 0.3690059917439622
lambda_share: 0.606341939300996
chi_residual: 0.39365806069900394

chi0 = 0.2, chi1 = 0.21130069216035846
chi_share: 0.46264002495745793
lambda_residual: 0.5373599750425421
