m0 done
mlambda done
mchi done
m1 done
dw0: 0.029923809017568536
dw1: 0.03536116312732717

dwlambda: 0.03319367483157902
dwchi: 0.03252864175481127

lambda0 = 0.34288292259397146, lambda1 = 0.36910118269972403
lambda_share: 0.6013707674734531
chi_residual: 0.3986292325265469

chi0 = 0.2, chi1 = 0.2116186803097646
chi_share: 0.47906255223799765
lambda_residual: 0.5209374477620023
