m0 done
mlambda done
mchi done
m1 done
dw0: 0.029923809017568536
dw1: 0.03928799565039754

dwlambda: 0.03962787849683437
dwchi: 0.03303336614676507

lambda0 = 0.34288292259397146, lambda1 = 0.463354424392023
lambda_share: 1.0362960350710297
chi_residual: -0.036296035071029804

chi0 = 0.2, chi1 = 0.24570440051095604
chi_share: 0.3320691108713097
lambda_residual: 0.6679308891286904
