m0 done
mlambda done
mchi done
m1 done
dw0: 0.029923809017568536
dw1: 0.031182945753301255

dwlambda: 0.0313528086762764
dwchi: 0.03016735959551298

lambda0 = 0.34288292259397146, lambda1 = 0.3263903738371283
lambda_share: 1.1349042706440433
chi_residual: -0.13490427064404337

chi0 = 0.2, chi1 = 0.1951110464857318
chi_share: 0.19342663193979254
lambda_residual: 0.8065733680602075
