Starting calibrations for row 96
anzsic: 1523
period: 0
e_to_u: 0.15
switch_dearn_cdf: 0.0674146190285683
lp_pareto: 2.1
lp_drift: 0.16373619503445094
lambda: 0.2000012111063606, err: 0.031075764580604272
lambda: 0.2, err: 0.03173119219314852
lambda: 0.20005864166428972, err: 0.03189431378973708
lambda: 0.20005864166428972, err: 0.03189431378973708
lambda: 0.2000291718210715, err: 0.03258476962241151
