Starting calibrations for row 73
anzsic: 1352
period: 1
e_to_u: 0.15
switch_dearn_cdf: -0.0480208305848969
lp_pareto: 2.1
lp_drift: 0.02337416735562411
lambda: 0.2000012111063606, err: 0.03062711723823599
lambda: 0.2, err: 0.0304651361522043
lambda: 0.1997723474606149, err: 0.032094463018508095
lambda: 0.19987892639247845, err: 0.029267282451642375
lambda: 0.19694338801782, err: 0.03044980928903062
lambda: 0.19694338801782, err: 0.03044980928903062
