Starting calibrations for row 19
anzsic: 1150
period: 1
e_to_u: 0.15
switch_dearn_cdf: missing
lp_pareto: 2.1
lp_drift: 0.057487440109252934
lambda: 0.2000012111063606, err: missing
