Starting calibrations for row 282
anzsic: 2592
period: 0
e_to_u: 0.15
switch_dearn_cdf: missing
lp_pareto: 2.1
lp_drift: 0.1553243208622587
lambda: 0.2000012111063606, err: missing
