Starting calibrations for row 162
anzsic: 2032
period: 0
e_to_u: 0.15
switch_dearn_cdf: missing
lp_pareto: 2.1
lp_drift: 0.035234808921813965
lambda: 0.2000012111063606, err: missing
