Starting calibrations for row 21
anzsic: 1161
period: 1
e_to_u: 0.15
switch_dearn_cdf: missing
lp_pareto: 2.1
lp_drift: 0.1574705023514597
lambda: 0.2000012111063606, err: missing
