Starting calibrations for row 174
anzsic: 2122
period: 0
e_to_u: 0.15
switch_dearn_cdf: missing
lp_pareto: 2.1
lp_drift: 0.03970239427354601
lambda: 0.2000012111063606, err: missing
