Starting calibrations for row 2
anzsic: 1111
period: 0
e_to_u: 0.15
switch_dearn_cdf: -0.0139439273593655
lp_pareto: 2.1
lp_drift: 0.21695093477153343
lambda: 0.2000012111063606, err: -0.0797505611847244
lambda: 0.2, err: -0.07985667840704355
lambda: 0.20091347412095126, err: -0.07916050875726996
lambda: 0.20012114694601055, err: -0.08007949176482829
lambda: 0.1609810660063678, err: -0.14289820702385497
lambda: 0.188362403081569, err: -0.08903320590224897
lambda: 0.34395503919403164, err: -0.02247844783182551
lambda: 0.34395503919403164, err: -0.02247844783182551
lambda: 0.4215258009034996, err: 0.016794814339828747
lambda: 0.38641496943314096, err: 0.0017344093739845075
