Starting calibrations for row 244
anzsic: 2429
period: 0
e_to_u: 0.15
switch_dearn_cdf: -0.0391054712235928
lp_pareto: 2.1
lp_drift: 0.2319780213492257
lambda: 0.2000012111063606, err: -0.14814490860794183
lambda: 0.2, err: -0.14900354194514404
lambda: 0.20021028002718708, err: -0.14841501424133985
lambda: 0.20012114694601055, err: -0.14934383314893718
lambda: 0.15341768736075254, err: -0.18131937087779448
lambda: 0.188362403081569, err: -0.16216581531456542
lambda: 0.40514210620093405, err: -0.03376675046845084
lambda: 0.40514210620093405, err: -0.03376675046845084
lambda: 0.49554024823522946, err: 0.010553237441483336
lambda: 0.47233559804200975, err: -0.018262869422259922
lambda: 0.48792629663178655, err: 0.006447099064697363
lambda: 0.4822093492628556, err: -0.00473121253141922
lambda: 0.4850594004728172, err: 0.005664502341293065
lambda: 0.48320308947466933, err: -0.003941700831173664
lambda: 0.48421739654872864, err: 0.0059299970677947345
lambda: 0.48370997714511405, err: -0.0035484147576023625
lambda: 0.48396221582488924, err: -0.003374063676864471
lambda: 0.4840861816547282, err: -0.0035321711960654145
lambda: 0.4841517846564933, err: 0.006250707710102721
lambda: 0.48410331271312557, err: -0.003718175029013074
lambda: 0.48413066225766904, err: -0.00404356549650127
lambda: 0.48414122334188864, err: -0.0035753537723124257
