Starting calibrations for row 68
anzsic: 1340
period: 0
e_to_u: 0.15
switch_dearn_cdf: missing
lp_pareto: 2.1
lp_drift: 0.13086281220118204
lambda: 0.2000012111063606, err: missing
