Starting calibrations for row 182
anzsic: 2139
period: 0
e_to_u: 0.15
switch_dearn_cdf: missing
lp_pareto: 2.1
lp_drift: 0.05189530354625774
lambda: 0.2000012111063606, err: missing
