Starting calibrations for row 147
anzsic: 1915
period: 1
e_to_u: 0.15
switch_dearn_cdf: missing
lp_pareto: 2.1
lp_drift: 0.0499503877427843
lambda: 0.2000012111063606, err: missing
