Starting calibrations for row 240
anzsic: 2421
period: 0
e_to_u: 0.15
switch_dearn_cdf: missing
lp_pareto: 2.1
lp_drift: 0.12035913670316654
lambda: 0.2000012111063606, err: missing
